 5.10453e-13 1.70315 0.84518 5.39527 11.1357 4.63055 6.24355 10.8559 0.214741 0.593755 10.3499 7.51302 13.8592 1.41108 0.570947 3.56787 6.90441 0.522326 4.92549 13.0006 3.46503 13.7042 13.7523 14.019 9.03439 12.0721 10.5314 4.18617 11.1249 8.08772 8.09499
 0.012871 12.8638 15.5395 0.385422 5.6026 3.6449 13.9823 16.8142 6.42572 2.97575 14.0809 7.44782 1.52772 1.83287 5.96601 8.22257 12.4034 4.02295 1.02521 6.52586 9.63951 4.41158 4.84287 0.351314 19.0718 5.34478 1.1873 8.90136 8.11383 10.1805 8.31189
 0.543775 11.2892 5.37339 6.68749 2.05176 0.255477 15.6113 10.0558 14.2208 4.32724 0.423555 12.2128 14.0404 14.1714 14.9042 3.67677 11.8995 3.1739 2.30642 7.06262 9.19419 4.31392 1.08335 4.18298 7.62242 12.7854 14.0331 7.54119 14.1133 4.05735 15.3636
 2.30727 1.45224 1.31965 11.3003 5.34644 2.9035 13.6734 9.8275 0.247354 6.99629 3.83205 4.84719 0.0957985 11.7834 8.21928 5.31288 9.70232 3.16059 7.34516 12.1846 1.11995 8.12456 8.92457 8.73605 9.16573 3.9906 1.54663 11.4044 14.4124 12.7088 9.7651
 4.76236 3.64528 4.34513 6.3633 6.03909 0.451197 12.4738 7.89138 15.1837 10.1568 0.265493 6.69522 3.2221 3.45528 14.0279 3.34685 8.85476 9.82364 3.72345 12.6356 7.60529 1.08615 3.28189 10.2972 0.721559 8.87299 1.31262 9.97427 2.30064 6.55473 11.2395
 1.19294 0.285532 1.19372 4.14264 0.391758 2.68776 6.80151 8.0823 14.5665 2.36367 1.16976 1.5809 7.53862 9.25698 15.0334 1.5221 4.3331 5.81438 14.683 7.73813 2.55255 1.80401 10.6416 12.6988 6.58187 11.1447 6.37224 3.3999 10.978 2.18259 0.976743
 1.20557 5.44506 10.8699 12.2789 7.65726 6.38854 11.5711 5.51347 10.8761 7.61944 2.24214 2.19581 10.2755 3.80729 0.249822 1.64502 4.64976 16.7459 5.13765 11.533 4.64748 3.83734 4.7123 10.3008 17.1834 3.18136 5.50547 2.90254 13.035 2.29429 8.30243
 6.36393 9.76942 13.0228 7.56819 9.97082 6.01272 7.86748 3.60874 10.7585 10.1611 1.65804 11.2022 14.8968 13.9846 4.72002 1.28515 9.12476 8.24547 4.05544 6.2458 10.4289 10.1702 12.3564 12.9681 18.7157 2.83457 10.2972 8.26067 11.7582 10.1622 3.73846
 6.8803 9.79886 7.46188 10.4812 2.29677 10.7302 15.4496 3.87804 1.25407 8.35649 10.9694 2.89544 1.5699 6.26281 3.89629 5.09484 8.54017 1.47087 2.66298 0.453788 15.8132 11.5873 13.4882 1.84667 13.9082 5.44747 13.5778 7.95428 15.6118 11.4531 8.11494
 5.93571 10.8319 9.14927 3.83199 6.60879 9.40867 14.6725 0.896654 1.52737 5.58063 13.6041 14.3302 9.10586 0.893392 11.6626 10.0491 5.12305 2.54567 13.5812 6.72575 1.47502 4.2633 11.4178 14.5586 4.76257 9.54846 4.21098 12.8735 13.053 13.4877 1.59672
 3.04573 0.0896453 8.23332 11.2735 11.3111 0.717386 5.20028 3.76594 0.053424 6.16424 1.86759 11.7275 8.09598 14.6606 1.65342 3.18552 0.177122 9.94712 13.4248 14.5118 0.819109 13.2279 8.86093 12.692 3.92839 2.94373 13.6415 14.0892 12.2465 0.637208 12.8364
 10.8582 8.98556 9.42776 6.73467 3.88621 1.45661 0.848203 10.3252 8.65182 11.2924 8.59257 4.85044 10.5181 7.15342 12.6542 1.81648 5.25839 11.9456 7.43613 9.86494 0.356231 2.11112 13.3123 14.0671 17.0577 6.25443 2.52977 6.26028 10.4933 1.0737 15.2856
 12.1701 1.81986 11.875 2.83459 11.8632 6.66048 11.3943 16.4399 12.9736 11.3348 1.77654 2.26596 14.2421 13.7683 3.98264 0.169956 8.60407 15.6482 3.3687 13.4383 14.8116 6.66859 12.9776 7.87232 13.7669 6.37876 0.41306 5.74137 10.4585 10.078 3.1315
 7.41988 8.88688 14.0118 6.43441 4.8834 4.15721 9.74595 7.46875 10.7438 4.78825 8.68778 13.2234 11.7353 3.64028 7.02665 2.70975 2.8286 18.0206 12.0099 12.2084 1.00425 13.3144 9.92431 12.702 3.35186 0.848524 5.61865 0.151056 3.90978 7.45539 13.5197
 7.26359 11.0941 9.29044 10.4815 11.7108 5.55418 11.9474 11.7556 8.96759 1.66699 0.955123 7.09551 10.9936 7.7312 9.63011 4.32189 1.14483 6.32577 1.59616 9.77204 11.3015 2.65591 1.50006 4.68669 16.9161 12.6856 13.6895 6.8314 2.18435 12.7701 5.10951
 0.663956 2.68435 15.507 13.9011 11.47 7.15072 3.42931 6.39215 13.1154 14.2452 3.71224 9.46884 12.909 9.03236 8.37534 9.33078 7.96034 6.83305 3.22858 13.8777 8.8233 7.29634 9.57503 4.7871 3.69439 9.71188 10.344 7.80122 9.16116 0.99266 6.23001
 10.0191 7.1481 5.36126 10.8902 4.25028 7.11459 5.27971 10.5434 11.9387 11.5884 5.98033 15.6867 3.83454 13.4854 12.5119 5.15815 0.247247 13.247 3.58994 6.53591 6.53922 11.3794 12.341 3.24813 1.21528 4.46381 6.68147 0.70415 5.96795 3.28681 17.0263
 0.247061 7.33199 6.31445 6.70608 6.70559 0.850213 8.57812 7.04349 4.1613 3.73902 13.7511 8.06606 12.1781 3.45266 11.7461 8.40939 2.8002 0.848241 2.58255 3.82819 15.6796 0.479202 14.2791 4.87374 18.1722 1.60523 4.87369 6.79078 2.76339 12.8332 0.0956976
 3.29627 4.54654 2.84399 12.5035 8.83583 9.95704 12.1895 0.608307 4.19303 10.1875 5.12551 14.4037 12.2613 14.5546 13.0807 6.44999 2.656 2.31861 4.11876 9.42112 7.30416 8.9414 6.8288 7.81991 6.1421 13.5303 11.9611 10.4282 15.7142 4.28206 4.43058
 3.89499 10.0979 1.79822 1.92869 12.2204 4.90186 14.0823 5.1309 2.2728 5.7622 0.246439 11.6301 8.65068 0.610735 12.0542 4.03978 4.82702 4.79967 12.5029 1.69545 11.1026 8.36728 1.57506 5.15229 3.77921 13.6988 8.48447 3.3625 9.41568 10.0872 4.69079
 11.4419 5.28488 13.7063 12.1738 9.66656 7.11864 7.84192 1.64618 7.9336 0.409495 14.1142 4.19249 7.67279 6.45724 8.23964 1.75911 5.15362 17.9357 1.68624 7.90121 10.9022 15.0426 14.469 6.64279 5.7296 5.97811 12.8888 5.10834 11.8957 13.8345 15.5117
 6.94308 12.6106 13.039 0.260263 9.46339 2.32424 11.7168 7.98585 7.68123 13.283 11.0538 7.30141 6.60939 0.850958 13.3206 4.59673 3.78893 15.5628 4.01362 13.613 8.48881 7.22684 13.0599 9.68954 19.7621 3.11132 10.1897 13.7475 15.5967 3.53123 1.60347
 12.0203 5.33882 15.3492 13.5379 1.14355 10.8488 11.7213 16.6396 1.65713 0.654031 12.4982 4.20332 1.17341 1.66277 0.964708 9.11935 6.75782 12.7821 13.6696 11.3434 9.1393 14.2289 2.08529 6.8206 4.91594 10.1932 13.3183 1.06677 9.70045 6.70008 15.9093
 6.73245 7.55867 14.5357 9.64179 10.7474 2.14394 16.1981 16.556 8.28293 0.877771 5.87419 15.4118 8.40086 8.37662 9.37408 8.93834 10.2106 12.7979 3.3445 1.68592 8.60462 13.7247 12.9206 14.2323 16.802 4.14288 12.8912 2.16114 1.56771 1.75779 5.69425
 10.5857 6.15678 2.23297 11.5108 2.19795 2.52538 3.44 10.8889 14.1012 6.66353 12.5836 0.271665 8.09661 9.05924 14.0276 8.96369 5.11853 15.0291 10.3362 11.164 9.5349 10.9684 10.4866 0.770195 8.45894 4.27172 9.14384 2.48505 1.40894 7.07939 14.2483
 2.46111 7.81037 11.03 2.06074 0.248816 1.40733 5.83758 15.4753 0.165058 7.50335 0.533022 15.0901 11.988 1.81031 8.97206 2.12791 9.37161 9.74864 9.72634 0.533175 5.8983 14.3639 8.48621 0.718924 9.05914 9.23202 5.18219 9.71005 13.6536 13.8161 12.7872
 11.5769 9.61258 2.04124 8.78389 5.2739 1.93217 0.442247 0.264476 13.4963 7.84684 3.02284 14.4727 2.09094 0.673055 13.4889 6.81745 8.9878 10.837 12.3169 6.87719 14.2445 15.0621 15.0682 12.5131 14.0611 7.98777 0.979804 2.75822 8.75769 11.8018 8.4835
 7.45324 2.46283 0.0657472 13.0692 3.7299 12.0691 0.174069 12.3404 15.8412 15.3361 6.13812 1.57042 0.14955 7.92 2.01942 8.39498 8.14614 12.709 5.37654 11.7971 3.89609 2.4896 5.3535 7.13813 9.90168 8.56253 11.4722 10.7051 8.83673 4.30458 4.61514
 1.00281 11.9554 0.00808192 11.143 4.76016 8.28693 18.0373 15.1774 0.319667 9.50179 14.2794 8.36184 12.1854 11.4593 11.5603 10.6598 1.58599 8.55274 9.79764 4.43234 6.54309 1.51954 11.5637 8.04579 5.94928 10.8958 9.06332 1.18735 3.54699 5.83197 8.49303
 10.6489 12.4033 3.10157 5.26729 5.26966 9.87028 18.7824 2.32984 15.2712 14.2746 8.18283 1.35911 1.61403 7.81451 0.0255893 6.83822 9.45285 14.1183 3.89332 5.40875 9.04684 11.1136 3.22183 8.75137 6.74286 1.00528 6.61766 13.8846 8.74841 8.25053 8.91205
 12.8644 11.0695 9.4321 13.5873 1.74241 7.80842 3.88517 1.07205 1.03625 11.737 8.35551 12.7629 15.3964 5.47212 0.517596 4.22176 2.17458 5.13408 0.559113 5.0588 4.60219 2.15946 6.48241 15.7262 0.178162 13.9501 10.857 4.54712 12.8313 4.53648 16.9289
